(1.0,3)
(2.0,2)
(3.0,2)
(4.0,3)
(5.0,3)
(6.0,2)
(7.0,3)
(8.0,3)
(9.0,3)
(10.0,3)
(11.0,3)
(12.0,3)
(13.0,3)
(14.0,2)
(15.0,3)
(16.0,3)
(17.0,3)
(18.0,2)
(19.0,3)
(20.0,3)
(21.0,2)
(22.0,3)
(23.0,3)
(24.0,3)
(25.0,3)
(26.0,3)
(27.0,2)
(28.0,1)
(29.0,3)
(30.0,3)
(31.0,2)
(32.0,3)
(33.0,2)
(34.0,2)
(35.0,3)
(36.0,3)
(37.0,2)
(38.0,3)
(39.0,2)
(40.0,2)
(41.0,3)
(42.0,1)
(43.0,3)
(44.0,3)
(45.0,2)
(46.0,2)
(47.0,3)
(48.0,2)
(49.0,3)
(50.0,2)
(51.0,1)
(52.0,3)
(53.0,3)
(54.0,2)
(55.0,3)
(56.0,2)
(57.0,2)
(58.0,2)
(59.0,3)
(60.0,2)
(61.0,3)
(62.0,3)
(63.0,3)
(64.0,2)
(65.0,1)
(66.0,2)
(67.0,3)
(68.0,2)
(69.0,3)
(70.0,3)
(71.0,3)
(72.0,2)
(73.0,2)
(74.0,2)
(75.0,2)
(76.0,3)
(77.0,3)
(78.0,2)
(79.0,2)
(80.0,2)
(81.0,3)
(82.0,3)
(83.0,3)
(84.0,2)
(85.0,1)
(86.0,3)
(87.0,2)
(88.0,3)
(89.0,3)
(90.0,2)
(91.0,1)
(92.0,3)
(93.0,1)
(94.0,3)
(95.0,2)
(96.0,3)
(97.0,2)
(98.0,1)
(99.0,3)
(100.0,2)
(101.0,3)
(102.0,2)
(103.0,2)
(104.0,2)
(105.0,2)
(106.0,1)
(107.0,3)
(108.0,3)
(109.0,1)
(110.0,1)
(111.0,3)
(112.0,1)
(113.0,2)
(114.0,2)
(115.0,3)
(116.0,3)
(117.0,3)
(118.0,2)
(119.0,1)
(120.0,3)
(121.0,2)
(122.0,3)
(123.0,3)
(124.0,3)
(125.0,2)
(126.0,3)
(127.0,2)
(128.0,1)
(129.0,3)
(130.0,2)
(131.0,2)
(132.0,3)
(133.0,2)
(134.0,3)
(135.0,3)
(136.0,3)
(137.0,3)
(138.0,3)
(139.0,2)
(140.0,2)
(141.0,3)
(142.0,2)
(143.0,3)
(144.0,2)
(145.0,3)
(146.0,2)
(147.0,2)
(148.0,2)
(149.0,2)
(150.0,2)
(151.0,3)
(152.0,3)
(153.0,3)
(154.0,3)
(155.0,2)
(156.0,1)
(157.0,2)
(158.0,1)
(159.0,3)
(160.0,2)
(161.0,3)
(162.0,2)
(163.0,3)
(164.0,2)
(165.0,3)
(166.0,3)
(167.0,3)
(168.0,2)
(169.0,3)
(170.0,3)
(171.0,2)
(172.0,2)
(173.0,2)
(174.0,1)
(175.0,1)
(176.0,3)
(177.0,3)
(178.0,3)
(179.0,3)
(180.0,3)
(181.0,1)
(182.0,1)
(183.0,3)
(184.0,1)
(185.0,3)
(186.0,2)
(187.0,2)
(188.0,3)
(189.0,2)
(190.0,3)
(191.0,2)
(192.0,2)
(193.0,2)
(194.0,3)
(195.0,1)
(196.0,2)
(197.0,2)
(198.0,3)
(199.0,1)
(200.0,3)
(201.0,3)
(202.0,3)
(203.0,3)
(204.0,2)
(205.0,2)
(206.0,2)
(207.0,2)
(208.0,1)
(209.0,3)
(210.0,1)
(211.0,3)
(212.0,1)
(213.0,2)
(214.0,2)
(215.0,2)
(216.0,3)
(217.0,3)
(218.0,3)
(219.0,3)
(220.0,2)
(221.0,1)
(222.0,2)
(223.0,2)
(224.0,3)
(225.0,2)
(226.0,3)
(227.0,1)
(228.0,2)
(229.0,1)
(230.0,3)
(231.0,3)
(232.0,2)
(233.0,2)
(234.0,3)
(235.0,3)
(236.0,3)
(237.0,2)
(238.0,2)
(239.0,2)
(240.0,3)
(241.0,2)
(242.0,2)
(243.0,2)
(244.0,2)
(245.0,3)
(246.0,2)
(247.0,3)
(248.0,2)
(249.0,2)
(250.0,2)
(251.0,3)
(252.0,3)
(253.0,3)
(254.0,1)
(255.0,3)
(256.0,3)
(257.0,2)
(258.0,3)
(259.0,3)
(260.0,3)
(261.0,3)
(262.0,3)
(263.0,3)
(264.0,2)
(265.0,2)
(266.0,3)
(267.0,3)
(268.0,2)
(269.0,2)
(270.0,2)
(271.0,3)
(272.0,3)
(273.0,3)
(274.0,1)
(275.0,3)
(276.0,2)
(277.0,3)
(278.0,2)
(279.0,3)
(280.0,3)
(281.0,3)
(282.0,2)
(283.0,2)
(284.0,3)
(285.0,3)
(286.0,3)
(287.0,2)
(288.0,3)
(289.0,2)
(290.0,3)
(291.0,2)
(292.0,2)
(293.0,3)
(294.0,3)
(295.0,2)
(296.0,1)
(297.0,3)
(298.0,2)
(299.0,2)
(300.0,1)
(301.0,2)
(302.0,1)
(303.0,3)
(304.0,1)
(305.0,1)
(306.0,3)
(307.0,1)
(308.0,1)
(309.0,2)
(310.0,3)
(311.0,3)
(312.0,3)
(313.0,1)
(314.0,3)
(315.0,3)
(316.0,3)
(317.0,3)
(318.0,3)
(319.0,1)
(320.0,2)
(321.0,2)
(322.0,1)
(323.0,2)
(324.0,1)
(325.0,2)
(326.0,3)
(327.0,1)
(328.0,3)
(329.0,4)
(330.0,3)
(331.0,3)
(332.0,2)
(333.0,3)
(334.0,3)
(335.0,1)
(336.0,3)
(337.0,2)
(338.0,3)
(339.0,3)
(340.0,3)
(341.0,1)
(342.0,1)
(343.0,3)
(344.0,2)
(345.0,3)
(346.0,3)
(347.0,3)
(348.0,3)
(349.0,2)
(350.0,3)
(351.0,2)
(352.0,2)
(353.0,3)
(354.0,1)
(355.0,1)
(356.0,1)
(357.0,3)
(358.0,2)
(359.0,3)
(360.0,1)
(361.0,2)
(362.0,1)
(363.0,3)
(364.0,3)
(365.0,3)
(366.0,3)
(367.0,2)
(368.0,3)
(369.0,2)
(370.0,2)
(371.0,3)
(372.0,3)
(373.0,3)
(374.0,3)
(375.0,3)
(376.0,3)
(377.0,3)
(378.0,2)
(379.0,3)
(380.0,3)
(381.0,3)
(382.0,2)
(383.0,3)
(384.0,1)
(385.0,1)
(386.0,2)
(387.0,2)
(388.0,3)
(389.0,3)
(390.0,2)
(391.0,3)
(392.0,3)
(393.0,2)
(394.0,2)
(395.0,2)
(396.0,3)
(397.0,2)
(398.0,3)
(399.0,3)
(400.0,1)
(401.0,2)
(402.0,3)
(403.0,2)
(404.0,2)
(405.0,1)
(406.0,3)
(407.0,2)
(408.0,1)
(409.0,3)
(410.0,3)
(411.0,3)
(412.0,3)
(413.0,3)
(414.0,1)
(415.0,1)
(416.0,3)
(417.0,3)
(418.0,1)
(419.0,3)
(420.0,3)
(421.0,1)
(422.0,2)
(423.0,3)
(424.0,3)
(425.0,3)
(426.0,3)
(427.0,3)
(428.0,3)
(429.0,3)
(430.0,3)
(431.0,3)
(432.0,3)
(433.0,2)
(434.0,3)
(435.0,2)
(436.0,2)
(437.0,1)
(438.0,4)
(439.0,2)
(440.0,2)
(441.0,2)
(442.0,2)
(443.0,3)
(444.0,3)
(445.0,1)
(446.0,3)
(447.0,2)
(448.0,3)
(449.0,3)
(450.0,2)
(451.0,2)
(452.0,3)
(453.0,3)
(454.0,3)
(455.0,3)
(456.0,3)
(457.0,3)
(458.0,3)
(459.0,3)
(460.0,3)
(461.0,3)
(462.0,3)
(463.0,3)
(464.0,2)
(465.0,3)
(466.0,2)
(467.0,3)
(468.0,1)
(469.0,3)
(470.0,3)
(471.0,3)
(472.0,2)
(473.0,3)
(474.0,3)
(475.0,2)
(476.0,3)
(477.0,3)
(478.0,2)
(479.0,3)
(480.0,2)
(481.0,2)
(482.0,2)
(483.0,2)
(484.0,3)
(485.0,2)
(486.0,3)
(487.0,2)
(488.0,3)
(489.0,2)
(490.0,3)
(491.0,3)
(492.0,2)
(493.0,3)
(494.0,3)
(495.0,3)
(496.0,2)
(497.0,2)
(498.0,3)
(499.0,2)
(500.0,3)
(501.0,3)
(502.0,2)
(503.0,3)
(504.0,2)
(505.0,2)
(506.0,3)
(507.0,3)
(508.0,3)
(509.0,3)
(510.0,2)
(511.0,3)
(512.0,3)
(513.0,2)
(514.0,3)
(515.0,1)
(516.0,3)
(517.0,2)
(518.0,3)
(519.0,3)
(520.0,3)
(521.0,3)
(522.0,2)
(523.0,3)
(524.0,3)
(525.0,3)
(526.0,3)
(527.0,2)
(528.0,3)
