(529.0,3)
(530.0,1)
(531.0,2)
(532.0,3)
(533.0,2)
(534.0,2)
(535.0,2)
(536.0,3)
(537.0,3)
(538.0,2)
(539.0,2)
(540.0,2)
(541.0,1)
(542.0,2)
(543.0,3)
(544.0,3)
(545.0,3)
(546.0,3)
(547.0,3)
(548.0,2)
(549.0,3)
(550.0,1)
(551.0,3)
(552.0,3)
(553.0,1)
(554.0,3)
(555.0,2)
(556.0,3)
(557.0,3)
(558.0,3)
(559.0,3)
(560.0,3)
(561.0,2)
(562.0,3)
(563.0,3)
(564.0,3)
(565.0,2)
(566.0,3)
(567.0,2)
(568.0,3)
(569.0,3)
(570.0,2)
(571.0,1)
(572.0,3)
(573.0,3)
(574.0,2)
(575.0,2)
(576.0,3)
(577.0,2)
(578.0,3)
(579.0,3)
(580.0,3)
(581.0,2)
(582.0,3)
(583.0,2)
(584.0,1)
(585.0,2)
(586.0,3)
(587.0,3)
(588.0,2)
(589.0,3)
(590.0,3)
(591.0,1)
(592.0,3)
(593.0,3)
(594.0,1)
(595.0,3)
(596.0,2)
(597.0,3)
(598.0,3)
(599.0,3)
(600.0,1)
(601.0,1)
(602.0,3)
(603.0,3)
(604.0,2)
(605.0,3)
(606.0,3)
(607.0,1)
(608.0,1)
(609.0,3)
(610.0,1)
(611.0,3)
(612.0,2)
(613.0,3)
(614.0,3)
(615.0,3)
(616.0,3)
(617.0,3)
(618.0,3)
(619.0,3)
(620.0,3)
(621.0,1)
(622.0,1)
(623.0,2)
(624.0,3)
(625.0,3)
(626.0,3)
(627.0,2)
(628.0,3)
(629.0,1)
(630.0,1)
(631.0,3)
(632.0,2)
(633.0,3)
(634.0,2)
(635.0,3)
(636.0,3)
(637.0,3)
(638.0,2)
(639.0,1)
(640.0,2)
(641.0,2)
(642.0,3)
(643.0,3)
(644.0,1)
(645.0,2)
(646.0,3)
(647.0,3)
(648.0,3)
(649.0,3)
(650.0,2)
(651.0,3)
(652.0,2)
(653.0,3)
(654.0,3)
(655.0,3)
(656.0,3)
(657.0,3)
(658.0,2)
(659.0,3)
(660.0,2)
(661.0,1)
(662.0,3)
(663.0,3)
(664.0,3)
(665.0,3)
(666.0,1)
(667.0,2)
(668.0,2)
(669.0,3)
(670.0,3)
(671.0,3)
(672.0,3)
(673.0,3)
(674.0,2)
(675.0,1)
(676.0,3)
(677.0,1)
(678.0,3)
(679.0,2)
(680.0,3)
(681.0,3)
(682.0,2)
(683.0,3)
(684.0,2)
(685.0,2)
(686.0,2)
(687.0,2)
(688.0,3)
(689.0,2)
(690.0,3)
(691.0,2)
(692.0,1)
(693.0,2)
(694.0,2)
(695.0,3)
(696.0,3)
(697.0,1)
(698.0,3)
(699.0,3)
(700.0,2)
(701.0,2)
(702.0,3)
(703.0,2)
(704.0,3)
(705.0,3)
(706.0,3)
(707.0,3)
(708.0,3)
(709.0,2)
(710.0,3)
(711.0,2)
(712.0,2)
(713.0,3)
(714.0,3)
(715.0,1)
(716.0,3)
(717.0,3)
(718.0,3)
(719.0,2)
(720.0,3)
(721.0,3)
(722.0,3)
(723.0,2)
(724.0,3)
(725.0,2)
(726.0,3)
(727.0,2)
(728.0,2)
(729.0,3)
(730.0,2)
(731.0,3)
(732.0,2)
(733.0,3)
(734.0,2)
(735.0,2)
(736.0,2)
(737.0,2)
(738.0,3)
(739.0,2)
(740.0,3)
(741.0,2)
(742.0,3)
(743.0,3)
(744.0,3)
(745.0,3)
(746.0,2)
(747.0,3)
(748.0,3)
(749.0,2)
(750.0,3)
(751.0,2)
(752.0,3)
(753.0,1)
(754.0,1)
(755.0,2)
(756.0,3)
(757.0,2)
(758.0,2)
(759.0,3)
(760.0,2)
(761.0,2)
(762.0,3)
(763.0,3)
(764.0,3)
(765.0,2)
(766.0,3)
(767.0,2)
(768.0,3)
(769.0,2)
(770.0,2)
(771.0,1)
(772.0,3)
(773.0,3)
(774.0,2)
(775.0,3)
(776.0,2)
(777.0,3)
(778.0,2)
(779.0,2)
(780.0,3)
(781.0,3)
(782.0,3)
(783.0,1)
(784.0,1)
(785.0,3)
(786.0,1)
(787.0,1)
(788.0,2)
(789.0,2)
(790.0,3)
(791.0,3)
(792.0,3)
(793.0,3)
(794.0,3)
(795.0,3)
(796.0,2)
(797.0,2)
(798.0,1)
(799.0,3)
(800.0,3)
(801.0,3)
(802.0,3)
(803.0,1)
(804.0,3)
(805.0,1)
(806.0,3)
(807.0,3)
(808.0,2)
(809.0,3)
(810.0,3)
(811.0,3)
(812.0,2)
(813.0,1)
(814.0,2)
(815.0,3)
(816.0,2)
(817.0,1)
(818.0,3)
(819.0,3)
(820.0,3)
(821.0,1)
(822.0,1)
(823.0,3)
(824.0,2)
(825.0,1)
(826.0,3)
(827.0,2)
(828.0,3)
(829.0,2)
(830.0,4)
(831.0,1)
(832.0,3)
(833.0,3)
(834.0,2)
(835.0,1)
(836.0,2)
(837.0,2)
(838.0,3)
(839.0,3)
(840.0,3)
(841.0,3)
(842.0,2)
(843.0,3)
(844.0,2)
(845.0,2)
(846.0,3)
(847.0,3)
(848.0,1)
(849.0,3)
(850.0,3)
(851.0,3)
(852.0,2)
(853.0,2)
(854.0,3)
(855.0,3)
(856.0,1)
(857.0,2)
(858.0,3)
(859.0,3)
(860.0,3)
(861.0,3)
(862.0,1)
(863.0,1)
(864.0,3)
(865.0,1)
(866.0,3)
(867.0,3)
(868.0,3)
(869.0,3)
(870.0,2)
(871.0,2)
(872.0,2)
(873.0,2)
(874.0,3)
(875.0,1)
(876.0,3)
(877.0,3)
(878.0,3)
(879.0,3)
(880.0,3)
(881.0,1)
(882.0,3)
(883.0,3)
(884.0,3)
(885.0,3)
(886.0,3)
(887.0,3)
(888.0,2)
(889.0,2)
(890.0,3)
(891.0,3)
(892.0,3)
(893.0,3)
(894.0,1)
(895.0,2)
(896.0,3)
(897.0,3)
(898.0,2)
(899.0,3)
(900.0,1)
(901.0,2)
(902.0,3)
(903.0,3)
(904.0,2)
(905.0,3)
(906.0,3)
(907.0,3)
(908.0,2)
(909.0,1)
(910.0,3)
(911.0,1)
(912.0,2)
(913.0,2)
(914.0,3)
(915.0,3)
(916.0,3)
(917.0,2)
(918.0,3)
(919.0,2)
(920.0,3)
(921.0,3)
(922.0,3)
(923.0,2)
(924.0,3)
(925.0,2)
(926.0,3)
(927.0,2)
(928.0,3)
(929.0,3)
(930.0,1)
(931.0,2)
(932.0,2)
(933.0,1)
(934.0,2)
(935.0,3)
(936.0,3)
(937.0,2)
(938.0,3)
(939.0,3)
(940.0,3)
(941.0,1)
(942.0,2)
(943.0,3)
(944.0,2)
(945.0,1)
(946.0,2)
(947.0,2)
(948.0,2)
(949.0,3)
(950.0,3)
(951.0,2)
(952.0,3)
(953.0,2)
(954.0,2)
(955.0,1)
(956.0,3)
(957.0,3)
(958.0,2)
(959.0,3)
(960.0,3)
(961.0,1)
(962.0,2)
(963.0,3)
(964.0,2)
(965.0,3)
(966.0,3)
(967.0,2)
(968.0,3)
(969.0,1)
(970.0,3)
(971.0,3)
(972.0,2)
(973.0,2)
(974.0,3)
(975.0,1)
(976.0,3)
(977.0,2)
(978.0,1)
(979.0,3)
(980.0,2)
(981.0,1)
(982.0,3)
(983.0,3)
(984.0,1)
(985.0,2)
(986.0,3)
(987.0,3)
(988.0,3)
(989.0,3)
(990.0,3)
(991.0,3)
(992.0,3)
(993.0,3)
(994.0,1)
(995.0,2)
(996.0,1)
(997.0,2)
(998.0,2)
(999.0,3)
