0	3
1	3
10	3
100	3
101	2
102	2
103	2
104	2
105	2
106	3
107	3
108	1
109	2
11	2
110	2
111	2
112	2
113	2
114	2
115	3
116	2
117	2
118	2
119	2
12	3
120	2
121	2
122	2
123	2
124	2
125	2
126	2
127	2
128	2
129	2
13	2
130	2
131	2
132	2
133	2
134	1
135	2
136	2
137	2
138	2
139	2
14	2
140	2
141	2
142	2
143	2
144	2
145	2
146	2
147	2
148	2
149	1
15	3
150	2
151	2
152	4
153	3
154	2
155	1
156	1
157	2
158	2
159	2
16	2
160	2
161	2
162	3
163	2
164	3
165	3
166	2
167	2
168	2
169	3
17	2
170	2
171	2
172	2
173	2
174	2
175	2
176	2
177	2
178	1
179	2
18	2
180	2
181	1
182	3
183	1
184	5
185	2
186	2
187	3
188	2
189	3
19	3
190	2
191	2
192	2
193	3
194	1
195	2
196	2
197	2
198	1
199	3
2	2
20	2
200	2
201	3
202	2
203	2
204	2
205	2
206	1
207	1
208	2
209	2
21	2
210	5
211	2
212	1
213	2
214	2
215	2
216	3
217	2
218	3
219	2
22	2
220	2
221	2
222	2
223	3
224	2
225	2
226	3
227	2
228	1
229	3
23	3
230	2
231	1
232	2
233	2
234	2
235	2
236	2
237	2
238	2
239	2
24	3
240	4
241	2
242	1
243	2
244	2
245	2
246	3
247	2
248	2
249	2
25	2
250	2
251	2
252	2
253	2
254	3
255	3
256	4
257	3
258	2
259	3
26	2
260	2
261	2
262	2
263	2
264	2
265	3
266	3
267	1
268	2
269	2
27	1
270	3
271	3
272	3
273	2
274	3
275	2
276	2
277	2
278	2
279	3
28	2
280	3
281	2
282	2
283	3
284	2
285	2
286	2
287	2
288	2
289	2
29	3
290	2
291	2
292	3
293	2
294	2
295	3
296	2
297	2
298	2
299	2
3	2
30	2
300	1
301	2
302	2
303	2
304	1
305	2
306	2
307	2
308	2
309	2
31	2
310	2
311	3
312	2
313	2
314	3
315	3
316	3
317	2
318	2
319	2
32	2
320	2
321	2
322	1
323	1
324	2
325	3
326	2
327	2
328	2
329	2
33	2
330	2
331	2
332	2
333	2
334	2
335	2
336	2
337	3
338	3
339	2
34	3
340	2
341	2
342	2
343	2
344	2
345	3
346	3
347	3
348	2
349	2
35	2
350	2
351	2
352	3
353	2
354	2
355	1
356	3
357	2
358	2
359	1
36	2
360	2
361	2
362	2
363	3
364	2
365	2
366	2
367	2
368	1
369	2
37	2
370	2
371	2
372	2
373	2
374	2
375	2
376	2
377	2
378	2
379	2
38	1
380	2
381	2
382	2
383	2
384	2
385	2
386	2
387	3
388	2
389	2
39	2
390	2
391	3
392	2
393	2
394	2
395	2
396	2
397	2
398	3
399	1
4	3
40	3
400	2
401	2
402	2
403	3
404	2
405	3
406	4
407	2
408	2
409	2
41	2
410	2
411	2
412	2
413	1
414	2
415	2
416	2
417	1
418	2
419	2
42	2
420	2
421	2
422	3
423	2
424	2
425	3
426	2
427	2
428	2
429	3
43	2
430	2
431	2
432	2
433	2
434	2
435	2
436	2
437	4
438	2
439	2
44	2
440	2
441	2
442	3
443	2
444	2
445	2
446	2
447	2
448	3
449	2
45	2
450	2
451	3
452	2
453	3
454	3
455	2
456	2
457	3
458	2
459	2
46	3
460	3
461	3
462	2
463	2
464	2
465	2
466	2
467	2
468	2
469	3
47	2
470	2
471	2
472	2
473	2
474	2
475	2
476	3
477	2
478	2
479	2
48	2
480	2
481	2
482	2
483	3
484	2
485	2
486	2
487	2
488	2
489	2
49	2
490	2
491	2
492	3
493	2
494	2
495	2
496	2
497	2
498	2
499	2
5	2
50	2
500	2
501	2
502	2
503	2
504	3
505	2
506	2
507	2
508	3
509	2
51	3
510	2
511	2
512	2
513	2
514	1
515	3
516	2
517	2
518	1
519	2
52	1
520	3
521	2
522	2
523	2
524	2
525	2
526	3
527	3
528	2
529	2
53	1
530	2
531	2
532	2
533	2
534	2
535	4
536	2
537	2
538	4
539	2
54	2
540	1
541	2
542	2
543	2
544	2
545	3
546	3
547	2
548	2
549	2
55	2
550	2
551	3
552	2
553	3
554	2
555	2
556	2
557	2
558	2
559	2
56	2
560	2
561	2
562	2
563	2
564	2
565	2
566	2
567	2
568	3
569	2
57	4
570	1
571	3
572	3
573	2
574	2
575	2
576	2
577	2
578	2
579	3
58	3
580	2
581	2
582	2
583	2
584	2
585	3
586	3
587	2
588	2
589	3
59	2
590	2
591	2
592	2
593	2
594	2
595	4
596	2
597	2
598	2
599	2
6	2
60	1
600	1
601	2
602	2
603	2
604	2
605	2
606	2
607	2
608	2
609	2
61	2
610	3
611	2
612	2
613	2
614	2
615	2
616	3
617	3
618	2
619	3
62	3
620	1
621	1
622	2
623	2
624	3
625	2
626	2
627	2
628	1
629	1
63	2
630	3
631	2
632	2
633	2
634	2
635	2
636	3
637	2
638	1
639	2
64	1
640	1
641	2
642	2
643	2
644	2
645	2
646	3
647	2
648	2
649	2
65	2
650	2
651	2
652	2
653	3
654	3
655	3
656	2
657	2
658	3
659	3
66	2
660	2
661	2
662	2
663	2
664	2
665	2
666	2
667	2
668	2
669	3
67	2
670	2
671	2
672	2
673	2
674	2
675	3
676	2
677	2
678	2
679	2
68	3
680	2
681	2
682	2
683	2
684	2
685	2
686	2
687	2
688	2
689	2
69	2
690	2
691	2
692	1
693	2
694	2
695	2
696	2
697	2
698	3
699	2
7	3
70	1
700	2
701	2
702	2
703	2
704	2
705	2
706	2
707	2
708	2
709	2
71	2
710	1
711	2
712	2
713	2
714	1
715	2
716	2
717	2
718	2
719	3
72	1
720	2
721	2
722	2
723	2
724	2
725	3
726	2
727	2
728	3
729	2
73	2
730	2
731	2
732	2
733	2
734	2
735	2
736	2
737	2
738	2
739	2
74	1
740	2
741	2
742	2
743	2
744	2
745	2
746	3
747	2
748	2
749	2
75	2
750	2
751	2
752	1
753	1
754	2
755	3
756	2
757	2
758	2
759	2
76	3
760	2
761	2
762	2
763	2
764	2
765	3
766	2
767	3
768	2
769	2
77	2
770	1
771	3
772	2
773	1
774	2
775	2
776	3
777	2
778	2
779	3
78	1
780	3
781	2
782	2
783	1
784	2
785	2
786	1
787	2
788	2
789	2
79	2
790	3
791	2
792	3
793	3
794	2
795	2
796	2
797	2
798	2
799	3
8	3
80	3
800	2
801	3
802	2
803	2
804	2
805	2
806	2
807	2
808	2
809	3
81	2
810	2
811	2
812	2
813	3
814	2
815	2
816	1
817	3
818	2
819	2
82	2
820	2
821	2
822	2
823	2
824	2
825	2
826	2
827	3
828	2
829	2
83	1
830	2
831	2
832	2
833	2
834	2
835	1
836	2
837	2
838	2
839	2
84	2
840	2
841	2
842	2
843	2
844	2
845	4
846	2
847	1
848	3
849	3
85	2
850	1
851	2
852	2
853	2
854	2
855	2
856	1
857	2
858	3
859	2
86	2
860	2
861	2
862	2
863	3
864	2
865	2
866	2
867	3
868	3
869	2
87	2
870	2
871	2
872	2
873	2
874	1
875	2
876	2
877	3
878	2
879	2
88	3
880	2
881	2
882	2
883	3
884	2
885	2
886	3
887	2
888	1
889	2
89	2
890	3
891	2
892	2
893	2
894	2
895	2
896	3
897	2
898	2
899	2
9	3
90	2
900	2
901	3
902	2
903	2
904	2
905	2
906	2
907	2
908	3
909	3
91	3
910	2
911	2
912	2
913	3
914	3
915	2
916	2
917	2
918	2
919	2
92	2
920	2
921	3
922	2
923	2
924	2
925	2
926	2
927	3
928	3
929	2
93	1
930	2
931	2
932	2
933	3
934	2
935	2
936	2
937	2
938	2
939	3
94	2
940	1
941	2
942	2
943	2
944	1
945	2
946	2
947	2
948	2
949	2
95	3
950	2
951	2
952	2
953	2
954	2
955	3
956	3
957	2
958	3
959	2
96	1
960	1
961	2
962	4
963	2
964	3
965	2
966	2
967	2
968	1
969	2
97	1
970	2
971	2
972	2
973	2
974	2
975	3
976	2
977	1
978	3
979	2
98	2
980	2
981	2
982	3
983	1
984	2
985	3
986	2
987	2
988	2
989	2
99	2
990	3
991	3
992	3
993	2
994	2
995	1
996	2
997	2
998	2
